#include "stdafx.h"

void C_REVERSI ::initBdScore2(int (*arrBd)[8])
{
	int tmpScore[8][8] = 
	{
		300, 80,140,100,100,140, 80,300,
		80 ,  0,120,180,180,120,  0, 80,
		140,120,160,200,200,160,120,140,
		100,180,200,  0,  0,200,180,100,
		100,180,200,  0,  0,200,180,100,
		140,120,160,200,200,160,120,140,
		80 ,  0,120,180,180,120,  0, 80,
		300, 80,140,100,100,140, 80,300,
	};

	for(int i = 0 ; i < 8 ; i ++ )
	{
		for(int j = 0 ; j < 8 ; j ++ )
		{
			arrBd[i][j] = tmpScore[i][j];
		}
	}
}